100
##start
start 2 1
##end
end 6 6
0 1 1
1 1 2
2 1 3
3 1 4
4 1 5
5 1 6
6 1 7
7 1 8
8 1 9
9 1 10
11 2 2
12 2 3
13 2 4
14 2 5
15 2 6
16 2 7
17 2 8
18 2 9
19 2 10
20 3 1
21 3 2
22 3 3
23 3 4
24 3 5
25 3 6
26 3 7
27 3 8
28 3 9
29 3 10
30 4 1
31 4 2
32 4 3
33 4 4
34 4 5
35 4 6
36 4 7
37 4 8
38 4 9
39 4 10
40 5 1
41 5 2
42 5 3
43 5 4
44 5 5
45 5 6
46 5 7
47 5 8
48 5 9
49 5 10
50 6 1
51 6 2
52 6 3
53 6 4
54 6 5
56 6 7
57 6 8
58 6 9
59 6 10
60 7 1
61 7 2
62 7 3
63 7 4
64 7 5
65 7 6
66 7 7
67 7 8
68 7 9
69 7 10
70 8 1
71 8 2
72 8 3
73 8 4
74 8 5
75 8 6
76 8 7
77 8 8
78 8 9
79 8 10
80 9 1
81 9 2
82 9 3
83 9 4
84 9 5
85 9 6
86 9 7
87 9 8
88 9 9
89 9 10
90 10 1
91 10 2
92 10 3
93 10 4
94 10 5
95 10 6
96 10 7
97 10 8
98 10 9
99 10 10
start-11
11-21
21-22
22-23
23-13
13-14
14-24
24-25
25-26
26-36
36-35
35-34
34-44
44-54
54-end
start-20
20-30
30-31
31-41
41-40
40-50
50-60
60-61
61-71
71-72
72-82
82-83
83-93
93-94
94-84
84-85
85-86
86-87
87-77
77-76
76-66
66-65
65-end
start-0
0-1
1-2
2-12
2-3
3-4
4-5
5-15
15-16
16-6
16-17
17-27
27-28
28-38
38-48
48-49
49-59
59-69
69-68
68-58
58-57
57-56
56-end
69-79
6-7
7-8
36-37
37-47
47-46
46-45
22-32
32-33
33-43
43-53
53-54
start-13
45-end
8-9
9-19
19-18
19-29
29-39
39-38
79-78
78-88
88-89
89-99
99-98
98-97
97-96
96-95
95-85
67-77
60-70
70-80
80-90
90-91
91-81
91-92
92-93
61-62
62-52
52-51
52-42
62-63
63-73
73-74
74-75
74-64